"service_id","monday","tuesday","wednesday","thursday","friday","saturday","sunday","start_date","end_date"
1,1,1,1,1,1,0,0,20251214,20260731
3,1,1,1,1,1,0,0,20251214,20260731
9,1,1,1,1,1,0,0,20251214,20260731
13,0,0,0,0,0,1,1,20251214,20260731
17,1,1,1,1,1,0,0,20251214,20260731
19,1,1,1,1,1,0,0,20251214,20260731
24,1,1,1,1,1,0,0,20251214,20260731
27,1,1,1,1,1,1,1,20251214,20260731
28,0,0,0,0,0,0,1,20251214,20260731
29,1,1,1,1,1,1,0,20251214,20260731
30,0,0,0,0,0,1,0,20251214,20260731
32,0,0,0,0,0,0,1,20251214,20260731
33,0,0,0,0,0,1,0,20251214,20260731
34,1,1,1,1,1,1,1,20251214,20260731
35,0,0,0,0,0,1,1,20251214,20260731
36,1,1,1,1,0,0,0,20251214,20260731
38,1,1,1,1,0,0,0,20251214,20260731
40,0,0,0,0,0,1,1,20251214,20260731
41,1,1,1,1,1,1,1,20251214,20260731
42,0,0,0,0,0,1,1,20251214,20260731
43,0,0,0,0,1,0,0,20251214,20260731
45,1,1,1,1,1,1,1,20251214,20260731
46,1,1,1,1,1,1,1,20251214,20260731
52,1,1,1,1,1,1,1,20251214,20260731
53,1,1,1,1,1,0,1,20251214,20260731
54,1,1,1,1,0,0,0,20251214,20260731
55,0,0,0,0,1,0,0,20251214,20260731
56,1,1,1,1,1,1,1,20251214,20260731
57,1,1,1,1,1,0,0,20251214,20260731
61,1,1,1,1,1,1,0,20251214,20260731
62,0,0,0,0,0,1,1,20251214,20260731
63,0,0,0,0,0,1,0,20251214,20260731
64,1,1,1,1,1,1,0,20251214,20260731
65,1,1,1,1,1,1,1,20251214,20260731
69,0,1,1,1,0,0,0,20251214,20260731
71,0,1,1,1,0,0,0,20251214,20260731
73,1,1,1,1,1,0,0,20251214,20260731
75,0,0,0,0,0,1,1,20251214,20260731
77,0,0,1,0,1,0,0,20251214,20260731
79,1,1,1,1,0,0,0,20251214,20260731
80,0,1,0,0,1,0,0,20251214,20260731
81,1,0,1,1,0,0,0,20251214,20260731
82,1,0,0,0,0,0,0,20251214,20260731
83,0,0,0,0,0,1,1,20251214,20260731
84,1,1,1,1,1,0,0,20251214,20260731
86,0,0,0,0,0,1,0,20251214,20260731
87,0,0,0,0,0,1,0,20251214,20260731
88,1,1,1,1,1,0,0,20251214,20260731
89,1,1,0,1,0,0,0,20251214,20260731
90,1,1,1,1,1,0,1,20251214,20260731
91,0,0,0,0,0,1,1,20251214,20260731
92,0,1,1,0,0,0,0,20251214,20260731
93,0,0,0,0,1,1,0,20251214,20260731
94,1,1,1,1,1,0,0,20251214,20260731
95,1,1,1,1,1,0,0,20251214,20260731
97,1,1,1,1,1,0,0,20251214,20260731
98,1,1,1,1,1,0,0,20251214,20260731
99,1,1,1,1,1,0,0,20251214,20260731
101,1,1,1,1,1,1,0,20251214,20260731
102,0,0,0,0,0,1,1,20251214,20260731
103,0,0,0,0,0,0,1,20251214,20260731
104,1,1,1,1,1,0,0,20251214,20260731
106,1,1,1,1,1,1,1,20251214,20260731
108,0,1,1,1,0,0,0,20251214,20260731
112,0,0,0,0,0,1,1,20251214,20260731
114,1,1,1,1,1,0,0,20251214,20260731
115,0,0,0,0,0,1,1,20251214,20260731
116,0,0,0,0,1,1,0,20251214,20260731
119,1,1,1,1,1,0,0,20251214,20260731
125,0,0,0,0,0,1,0,20251214,20260731
126,1,1,1,0,1,1,0,20251214,20260731
127,1,1,0,0,1,0,0,20251214,20260731
128,0,0,0,0,0,0,1,20251214,20260731
132,1,1,1,1,1,0,0,20251214,20260731
133,1,1,1,1,1,1,0,20251214,20260731
134,0,0,0,0,0,0,1,20251214,20260731
135,0,0,0,0,0,1,1,20251214,20260731
136,1,1,1,1,1,1,1,20251214,20260731
140,1,1,1,1,1,0,0,20251214,20260731
145,1,1,1,1,1,0,0,20251214,20260731
152,0,0,0,0,0,1,0,20251214,20260731
153,0,0,0,0,0,1,1,20251214,20260731
156,1,1,1,1,1,0,0,20251214,20260731
157,0,0,0,0,0,1,1,20251214,20260731
158,1,1,1,1,1,0,0,20251214,20260731
165,1,1,1,1,1,1,0,20251214,20260731
166,1,1,1,1,1,1,1,20251214,20260731
167,0,0,0,0,0,0,1,20251214,20260731
168,0,0,0,0,0,1,1,20251214,20260731
171,1,1,1,1,0,0,0,20251214,20260731
173,1,1,1,1,1,0,0,20251214,20260731
174,1,1,1,1,1,0,0,20251214,20260731
175,1,1,1,1,1,0,0,20251214,20260731
177,0,0,0,0,0,1,1,20251214,20260731
182,1,1,1,1,1,0,0,20251214,20260731
185,1,1,1,1,1,0,0,20251214,20260731
186,0,1,1,0,0,0,0,20251214,20260731
187,1,1,1,1,1,1,1,20251214,20260731
189,1,1,1,1,1,0,0,20251214,20260731
192,0,0,0,0,0,1,0,20251214,20260731
193,0,0,0,0,0,1,1,20251214,20260731
197,1,1,1,1,1,0,0,20251214,20260731
198,0,0,0,0,0,1,1,20251214,20260731
199,1,1,1,1,1,1,1,20251214,20260731
200,1,1,1,1,1,1,1,20251214,20260731
202,1,1,1,1,1,0,0,20251214,20260731
204,0,0,0,0,0,1,0,20251214,20260731
205,1,1,1,1,1,0,0,20251214,20260731
208,1,1,1,1,1,0,1,20251214,20260731
209,0,0,0,0,0,1,0,20251214,20260731
210,0,0,0,0,1,0,0,20251214,20260731
211,0,0,0,0,1,1,1,20251214,20260731
212,0,0,0,0,0,0,1,20251214,20260731
213,0,0,0,0,0,1,0,20251214,20260731
215,0,0,0,0,0,0,1,20251214,20260731
216,1,1,1,1,1,1,1,20251214,20260731
218,1,1,1,1,1,1,1,20251214,20260731
220,1,1,1,1,1,1,1,20251214,20260731
223,1,1,1,1,1,1,1,20251214,20260731
224,1,1,1,1,1,1,1,20251214,20260731
226,0,0,0,0,0,0,1,20251214,20260731
227,0,0,0,0,1,0,0,20251214,20260731
228,1,1,1,1,1,1,1,20251214,20260731
232,1,0,0,0,0,0,0,20251214,20260731
233,1,0,0,0,0,0,0,20251214,20260731
248,1,1,1,1,1,0,0,20251214,20260731
249,0,0,0,0,1,0,0,20251214,20260731
260,0,0,0,0,0,1,0,20251214,20260731
263,1,1,1,1,1,1,0,20251214,20260731
267,0,0,0,0,1,0,0,20251214,20260731
268,0,0,0,0,1,0,0,20251214,20260731
269,0,0,0,0,1,0,0,20251214,20260731
277,1,1,1,1,1,0,0,20251214,20260731
279,0,0,0,0,0,0,1,20251214,20260731
284,0,0,0,0,0,1,0,20251214,20260731
285,0,0,0,0,0,1,0,20251214,20260731
286,1,1,1,1,1,0,0,20251214,20260731
287,0,0,0,0,0,1,0,20251214,20260731
288,0,0,0,0,0,1,0,20251214,20260731
289,0,0,0,0,0,1,0,20251214,20260731
290,0,0,0,0,0,0,1,20251214,20260731
292,0,1,0,0,0,0,0,20251214,20260731
293,0,0,0,0,0,1,1,20251214,20260731
294,0,1,0,0,0,0,0,20251214,20260731
295,1,1,1,1,1,0,0,20251214,20260731
300,0,0,0,0,0,1,1,20251214,20260731
303,1,1,1,1,1,0,0,20251214,20260731
304,0,0,0,0,0,1,0,20251214,20260731
307,0,0,0,0,1,1,0,20251214,20260731
308,1,1,1,1,1,1,1,20251214,20260731
309,1,1,1,1,1,1,1,20251214,20260731
310,0,0,0,0,0,0,1,20251214,20260731
315,0,0,0,0,0,1,0,20251214,20260731
318,0,0,0,0,1,1,0,20251214,20260731
320,1,1,1,1,1,0,1,20251214,20260731
326,0,0,0,0,0,1,0,20251214,20260731
327,1,1,1,0,1,0,0,20251214,20260731
338,1,1,1,1,1,0,0,20251214,20260731
340,0,0,0,0,0,1,0,20251214,20260731
341,1,1,1,1,1,0,0,20251214,20260731
343,1,1,1,1,1,0,0,20251214,20260731
344,1,1,1,1,1,1,0,20251214,20260731
345,1,1,1,1,1,1,0,20251214,20260731
346,0,0,0,0,0,0,1,20251214,20260731
348,1,1,1,1,1,1,1,20251214,20260731
349,1,1,1,1,1,1,1,20251214,20260731
350,1,1,1,1,1,1,0,20251214,20260731
352,1,1,1,1,1,0,0,20251214,20260731
354,1,1,1,1,1,0,0,20251214,20260731
356,1,1,1,1,1,0,0,20251214,20260731
357,1,1,1,1,1,1,0,20251214,20260731
358,1,1,1,1,1,1,0,20251214,20260731
359,1,1,1,1,1,0,0,20251214,20260731
360,1,1,1,1,1,1,1,20251214,20260731
361,1,1,1,1,1,1,1,20251214,20260731
362,1,1,1,1,1,1,0,20251214,20260731
363,0,0,0,0,1,1,0,20251214,20260731
365,0,0,0,0,1,0,0,20251214,20260731
366,1,1,1,1,0,0,0,20251214,20260731
367,1,1,1,1,1,1,0,20251214,20260731
370,1,1,1,1,1,1,0,20251214,20260731
371,0,0,0,0,0,0,1,20251214,20260731
372,0,0,0,0,0,0,1,20251214,20260731
373,0,0,0,0,0,1,1,20251214,20260731
374,1,1,1,1,1,1,0,20251214,20260731
382,1,1,1,1,1,1,0,20251214,20260731
383,0,0,0,0,0,1,0,20251214,20260731
385,1,1,1,1,0,0,1,20251214,20260731
387,0,0,0,0,1,0,0,20251214,20260731
390,0,0,0,0,0,1,0,20251214,20260731
391,1,1,1,1,1,1,0,20251214,20260731
392,1,1,1,1,1,0,0,20251214,20260731
393,1,1,1,1,1,1,1,20251214,20260731
394,1,1,1,0,1,0,0,20251214,20260731
396,1,1,1,1,1,1,0,20251214,20260731
397,1,1,1,0,1,1,0,20251214,20260731
398,1,1,1,1,1,0,0,20251214,20260731
399,1,1,1,1,1,1,1,20251214,20260731
400,1,1,1,1,1,0,0,20251214,20260731
401,1,1,1,1,1,1,1,20251214,20260731
406,1,1,1,1,1,0,0,20251214,20260731
408,1,1,1,1,1,1,0,20251214,20260731
410,1,1,1,1,1,1,1,20251214,20260731
412,1,1,1,1,1,1,0,20251214,20260731
414,0,0,0,0,1,1,0,20251214,20260731
415,1,1,1,1,1,1,0,20251214,20260731
416,1,1,1,1,1,1,1,20251214,20260731
418,1,1,1,1,1,1,1,20251214,20260731
419,1,1,1,1,1,1,1,20251214,20260731
420,1,1,1,1,1,1,0,20251214,20260731
421,0,0,0,0,0,1,0,20251214,20260731
422,1,1,1,1,1,0,0,20251214,20260731
424,1,1,1,1,1,0,0,20251214,20260731
425,0,0,0,0,0,0,1,20251214,20260731
426,1,1,1,1,1,1,1,20251214,20260731
427,0,0,0,0,0,1,0,20251214,20260731
428,0,0,0,0,1,1,0,20251214,20260731
429,0,0,0,0,0,0,1,20251214,20260731
430,0,0,0,0,0,0,1,20251214,20260731
431,1,1,1,1,1,0,1,20251214,20260731
432,0,0,0,0,0,1,0,20251214,20260731
433,1,1,1,1,1,0,0,20251214,20260731
436,0,0,0,0,0,0,1,20251214,20260731
437,1,1,1,1,1,1,0,20251214,20260731
439,1,1,1,1,1,0,0,20251214,20260731
440,1,1,1,1,1,1,0,20251214,20260731
441,1,1,1,1,1,1,0,20251214,20260731
442,0,0,0,0,0,1,0,20251214,20260731
443,1,1,1,1,1,0,0,20251214,20260731
444,1,1,1,1,1,0,0,20251214,20260731
445,0,0,0,0,0,1,0,20251214,20260731
447,0,0,0,0,0,1,0,20251214,20260731
448,0,0,0,0,0,1,1,20251214,20260731
449,0,1,1,0,0,1,0,20251214,20260731
450,0,1,0,0,0,1,0,20251214,20260731
451,0,0,0,0,0,1,1,20251214,20260731
452,1,1,0,1,1,1,1,20251214,20260731
454,0,0,0,0,0,0,1,20251214,20260731
456,1,1,1,1,1,0,0,20251214,20260731
457,1,1,1,1,1,1,0,20251214,20260731
458,0,0,0,0,0,1,0,20251214,20260731
459,1,1,1,1,1,1,0,20251214,20260731
463,1,1,1,1,1,0,1,20251214,20260731
464,0,0,0,0,0,0,1,20251214,20260731
467,1,1,1,1,1,1,0,20251214,20260731
468,0,0,0,0,0,1,0,20251214,20260731
470,1,1,1,1,1,1,0,20251214,20260731
471,1,1,1,1,1,1,1,20251214,20260731
472,1,1,1,1,1,1,1,20251214,20260731
473,1,1,1,1,1,1,1,20251214,20260731
478,1,1,1,1,1,1,0,20251214,20260731
479,1,1,1,1,1,1,0,20251214,20260731
483,0,0,0,0,0,0,1,20251214,20260731
489,1,1,1,1,1,1,1,20251214,20260731
490,1,1,1,1,1,1,1,20251214,20260731
491,0,0,1,0,0,0,0,20251214,20260731
492,1,1,1,0,1,1,0,20251214,20260731
497,0,0,0,0,0,0,1,20251214,20260731
498,0,0,0,0,0,1,0,20251214,20260731
499,1,1,1,1,1,0,1,20251214,20260731
502,0,0,0,0,0,0,1,20251214,20260731
503,1,1,1,1,1,1,1,20251214,20260731
505,0,0,0,1,1,0,0,20251214,20260731
511,1,1,1,1,1,0,0,20251214,20260731
512,0,0,0,0,0,1,0,20251214,20260731
516,0,0,0,0,0,1,0,20251214,20260731
518,0,0,0,0,0,1,1,20251214,20260731
519,1,1,1,1,1,1,1,20251214,20260731
520,0,0,1,1,1,0,0,20251214,20260731
527,1,1,1,1,1,0,0,20251214,20260731
528,1,1,1,1,1,1,0,20251214,20260731
529,1,1,1,1,1,1,0,20251214,20260731
530,0,0,0,0,0,0,1,20251214,20260731
531,1,1,1,1,1,1,0,20251214,20260731
532,1,1,1,1,1,1,0,20251214,20260731
533,0,0,0,0,0,0,1,20251214,20260731
534,1,1,1,1,1,1,0,20251214,20260731
535,0,0,0,0,0,1,0,20251214,20260731
536,1,1,1,1,1,0,0,20251214,20260731
537,1,1,1,1,1,0,1,20251214,20260731
543,1,1,1,0,1,1,0,20251214,20260731
544,0,0,0,0,0,0,1,20251214,20260731
548,0,0,0,0,0,0,1,20251214,20260731
549,1,1,1,1,1,0,0,20251214,20260731
550,0,0,0,0,0,1,0,20251214,20260731
551,0,0,0,0,0,1,0,20251214,20260731
554,1,1,1,1,1,1,0,20251214,20260731
555,1,1,1,1,1,1,0,20251214,20260731
556,1,1,1,1,1,1,1,20251214,20260731
563,0,0,0,0,0,0,1,20251214,20260731
566,0,0,0,0,1,1,0,20251214,20260731
567,0,0,0,0,0,1,0,20251214,20260731
572,1,1,1,1,1,1,0,20251214,20260731
576,1,1,1,1,1,1,0,20251214,20260731
579,0,0,0,1,1,0,0,20251214,20260731
583,0,0,0,0,0,0,1,20251214,20260731
584,0,0,0,0,0,1,0,20251214,20260731
585,1,1,1,1,1,1,0,20251214,20260731
586,1,1,1,1,1,1,0,20251214,20260731
587,0,0,0,0,0,1,0,20251214,20260731
588,1,1,1,1,1,0,0,20251214,20260731
589,0,0,0,0,0,1,0,20251214,20260731
590,0,0,0,0,0,1,0,20251214,20260731
593,0,0,0,0,0,0,1,20251214,20260731
594,0,0,0,0,0,0,1,20251214,20260731
595,1,1,1,1,1,0,0,20251214,20260731
596,1,1,1,1,1,1,0,20251214,20260731
597,0,0,0,0,0,1,0,20251214,20260731
598,0,0,0,0,0,0,1,20251214,20260731
599,1,1,1,1,1,0,1,20251214,20260731
601,1,1,1,1,1,1,0,20251214,20260731
602,0,0,0,0,0,1,0,20251214,20260731
604,0,0,0,0,0,1,1,20251214,20260731
605,0,0,0,0,0,0,1,20251214,20260731
606,0,0,0,0,0,1,0,20251214,20260731
607,0,0,0,0,0,1,0,20251214,20260731
608,1,1,1,1,1,1,1,20251214,20260731
610,1,1,1,1,0,0,1,20251214,20260731
611,0,0,0,0,1,1,0,20251214,20260731
612,0,0,0,0,0,0,1,20251214,20260731
614,1,1,1,1,1,0,0,20251214,20260731
615,0,0,0,0,0,1,1,20251214,20260731
616,1,1,1,1,1,1,0,20251214,20260731
618,0,0,0,0,0,0,1,20251214,20260731
619,1,1,1,1,1,1,1,20251214,20260731
620,1,1,1,1,1,1,1,20251214,20260731
624,0,0,0,0,0,1,0,20251214,20260731
629,0,0,0,0,0,0,1,20251214,20260731
631,0,0,0,0,0,1,0,20251214,20260731
632,1,1,0,1,0,0,0,20251214,20260731
633,0,0,0,0,0,1,0,20251214,20260731
634,1,1,0,0,0,0,0,20251214,20260731
637,0,0,0,0,0,1,0,20251214,20260731
639,0,0,0,0,0,1,0,20251214,20260731
640,1,1,1,1,1,1,0,20251214,20260731
646,0,0,0,0,0,1,0,20251214,20260731
647,0,0,0,0,0,0,1,20251214,20260731
649,0,0,0,0,0,0,1,20251214,20260731
650,0,0,0,0,0,1,0,20251214,20260731
653,1,1,0,1,0,0,1,20251214,20260731
655,0,0,0,0,0,1,1,20251214,20260731
656,1,1,1,1,1,1,1,20251214,20260731
657,1,1,1,1,1,0,0,20251214,20260731
662,1,1,1,1,1,1,0,20251214,20260731
663,0,0,0,0,0,1,1,20251214,20260731
665,1,1,1,0,1,1,0,20251214,20260731
667,0,0,0,0,0,0,1,20251214,20260731
671,0,0,0,0,0,0,1,20251214,20260731
